127,36
0,423
0,422
0,421
34,31
34,30
34,29
34,28
0,420
26,1
26,3
25,4
25,1
25,3
14,5
127,35
34,4
34,26
34,21
34,19
34,5
34,3
10,83
10,98
10,272
10,210
10,285
10,172
10,195
10,233
11,7
11,26
11,29
11,5
11,9
11,8
11,4
11,28
9,4
9,6
8,7
8,15
8,6
101,2
101,1
101,0
100,5
100,4
100,3
100,2
100,1
100,0
99,4
99,3
99,2
99,1
99,0
98,4
98,3
98,2
98,1
98,0
97,10
97,9
97,8
97,7
97,6
97,5
97,4
97,3
97,2
97,1
97,0
58,3
12,2
58,1
55,3
12,1
55,2
55,1
12,3
55,0
36,67
36,66
36,65
20,2
20,1
20,3
19,2
19,1
19,3
36,64
36,39
36,38
36,37
36,36
36,35
36,34
36,33
36,32
36,31
36,30
36,29
36,28
36,27
36,26
36,25
36,24
36,23
36,22
36,21
36,20
36,19
36,18
36,17
36,16
36,15
36,14
36,13
36,12
36,11
36,10
36,9
36,8
36,7
36,6
36,5
36,4
36,3
36,1
35,17
35,16
35,1
35,15
34,32
34,1
34,20
34,7
34,6
